Best Validation Accuracy: 0.9883669562656457
Best Validation Loss: 0.04359104583571849
Total Epochs: 220

Epoch, Train Loss, Validation Loss, Train Accuracy, Validation Accuracy
1, 0.613746, 0.311919, 0.840414, 0.915918
2, 0.267303, 0.236481, 0.925600, 0.936681
3, 0.218574, 0.213451, 0.936607, 0.936534
4, 0.193905, 0.196404, 0.941503, 0.936239
5, 0.179867, 0.188099, 0.944669, 0.941540
6, 0.171684, 0.185735, 0.948093, 0.939920
7, 0.161960, 0.174236, 0.948756, 0.943307
8, 0.152947, 0.172684, 0.952143, 0.946252
9, 0.148750, 0.169092, 0.952511, 0.945663
10, 0.143461, 0.167254, 0.953578, 0.944780
11, 0.142953, 0.164286, 0.953284, 0.945811
12, 0.138874, 0.164752, 0.955051, 0.943602
13, 0.133310, 0.170521, 0.957039, 0.946547
14, 0.129730, 0.168028, 0.958180, 0.945369
15, 0.129776, 0.158562, 0.958474, 0.948314
16, 0.127504, 0.161911, 0.958879, 0.944927
17, 0.125677, 0.163940, 0.958879, 0.945958
18, 0.122428, 0.161512, 0.960389, 0.943896
19, 0.121091, 0.159488, 0.959837, 0.946105
20, 0.119519, 0.166992, 0.961346, 0.945074
21, 0.090666, 0.104796, 0.970402, 0.965837
22, 0.037895, 0.092437, 0.989361, 0.969224
23, 0.020370, 0.084925, 0.995546, 0.971580
24, 0.013328, 0.080592, 0.997791, 0.973789
25, 0.007573, 0.077259, 0.999227, 0.974231
26, 0.005456, 0.076586, 0.999742, 0.975114
27, 0.004332, 0.075597, 0.999669, 0.975261
28, 0.003814, 0.074003, 0.999742, 0.977028
29, 0.002714, 0.072575, 0.999816, 0.977617
30, 0.002865, 0.072417, 0.999669, 0.978943
31, 0.002230, 0.069862, 0.999779, 0.979532
32, 0.001502, 0.070362, 0.999963, 0.978795
33, 0.001295, 0.070766, 1.000000, 0.978648
34, 0.001510, 0.071181, 0.999779, 0.979384
35, 0.001030, 0.071074, 0.999926, 0.979973
36, 0.001226, 0.071521, 0.999779, 0.979237
37, 0.000956, 0.071231, 0.999890, 0.979679
38, 0.000821, 0.069810, 0.999926, 0.979826
39, 0.000686, 0.069031, 0.999890, 0.979826
40, 0.000552, 0.069131, 0.999963, 0.979826
41, 0.000656, 0.069675, 0.999926, 0.979826
42, 0.000502, 0.069154, 0.999963, 0.980710
43, 0.000536, 0.067541, 0.999926, 0.981888
44, 0.000488, 0.067251, 1.000000, 0.981888
45, 0.000379, 0.071081, 0.999963, 0.980857
46, 0.000542, 0.071316, 0.999926, 0.981888
47, 0.000448, 0.069821, 0.999963, 0.982035
48, 0.000392, 0.070507, 0.999926, 0.981004
49, 0.000256, 0.069467, 1.000000, 0.981446
50, 0.000317, 0.068670, 0.999963, 0.982182
51, 0.002095, 0.070042, 0.999374, 0.981888
52, 0.001101, 0.068982, 0.999742, 0.982330
53, 0.000365, 0.063621, 0.999963, 0.983655
54, 0.000597, 0.063066, 0.999890, 0.983802
55, 0.000439, 0.064998, 0.999963, 0.982182
56, 0.000230, 0.063266, 1.000000, 0.982624
57, 0.000223, 0.064557, 1.000000, 0.982624
58, 0.000601, 0.065216, 0.999853, 0.982330
59, 0.000685, 0.067627, 0.999853, 0.982330
60, 0.000342, 0.068667, 0.999926, 0.983066
61, 0.000256, 0.068225, 0.999963, 0.983508
62, 0.000509, 0.067736, 0.999890, 0.983213
63, 0.000323, 0.068204, 0.999963, 0.982919
64, 0.000355, 0.066736, 0.999963, 0.983655
65, 0.000657, 0.067225, 0.999853, 0.983213
66, 0.000194, 0.066660, 0.999963, 0.983213
67, 0.000380, 0.067104, 0.999926, 0.982624
68, 0.000154, 0.065121, 1.000000, 0.983508
69, 0.000116, 0.065168, 1.000000, 0.983360
70, 0.000139, 0.063370, 1.000000, 0.983802
71, 0.000193, 0.066314, 1.000000, 0.982330
72, 0.000413, 0.066191, 0.999963, 0.982624
73, 0.000197, 0.061343, 0.999963, 0.983655
74, 0.000306, 0.063406, 0.999963, 0.982330
75, 0.000143, 0.063682, 1.000000, 0.982771
76, 0.000231, 0.063235, 1.000000, 0.982919
77, 0.000158, 0.059188, 1.000000, 0.983508
78, 0.000419, 0.061295, 0.999963, 0.984097
79, 0.000174, 0.065438, 0.999963, 0.982330
80, 0.000210, 0.060728, 1.000000, 0.983655
81, 0.000121, 0.057784, 1.000000, 0.983802
82, 0.000128, 0.058642, 1.000000, 0.983655
83, 0.000177, 0.059386, 1.000000, 0.984391
84, 0.000496, 0.058508, 0.999926, 0.982919
85, 0.000170, 0.057577, 0.999963, 0.983655
86, 0.000654, 0.059402, 0.999816, 0.983066
87, 0.000389, 0.058792, 0.999890, 0.984097
88, 0.000545, 0.060337, 0.999816, 0.984244
89, 0.000500, 0.058186, 0.999926, 0.984833
90, 0.001069, 0.059643, 0.999632, 0.985127
91, 0.000148, 0.058062, 1.000000, 0.984538
92, 0.000161, 0.057184, 1.000000, 0.984980
93, 0.000273, 0.053908, 0.999963, 0.985569
94, 0.000135, 0.055159, 1.000000, 0.985716
95, 0.000108, 0.056456, 1.000000, 0.985275
96, 0.000243, 0.057673, 0.999926, 0.985569
97, 0.000106, 0.056090, 1.000000, 0.985716
98, 0.000084, 0.054560, 1.000000, 0.985569
99, 0.000127, 0.057326, 0.999963, 0.984391
100, 0.000460, 0.058091, 0.999926, 0.984538
101, 0.000286, 0.056765, 0.999963, 0.984538
102, 0.000097, 0.054268, 1.000000, 0.985569
103, 0.000432, 0.057662, 0.999963, 0.985275
104, 0.000112, 0.056606, 1.000000, 0.985864
105, 0.000081, 0.057161, 1.000000, 0.985716
106, 0.000076, 0.056037, 1.000000, 0.985422
107, 0.000070, 0.056327, 1.000000, 0.985127
108, 0.000210, 0.056592, 0.999963, 0.984833
109, 0.001191, 0.059467, 0.999705, 0.984980
110, 0.000178, 0.058098, 1.000000, 0.985716
111, 0.000125, 0.057559, 1.000000, 0.985864
112, 0.000129, 0.056643, 1.000000, 0.986158
113, 0.000178, 0.057588, 1.000000, 0.985275
114, 0.000139, 0.058249, 1.000000, 0.984686
115, 0.000170, 0.057247, 0.999963, 0.983655
116, 0.000329, 0.058213, 0.999890, 0.984980
117, 0.000119, 0.057936, 1.000000, 0.984686
118, 0.000101, 0.058971, 1.000000, 0.985127
119, 0.000085, 0.056139, 1.000000, 0.985864
120, 0.000081, 0.056229, 1.000000, 0.985422
121, 0.000168, 0.055496, 0.999963, 0.986011
122, 0.000083, 0.055679, 1.000000, 0.985422
123, 0.001532, 0.057252, 0.999521, 0.984538
124, 0.000990, 0.056779, 0.999558, 0.984244
125, 0.000781, 0.054445, 0.999853, 0.984391
126, 0.000232, 0.056147, 1.000000, 0.984244
127, 0.000256, 0.054737, 0.999926, 0.985275
128, 0.000148, 0.055669, 1.000000, 0.985127
129, 0.000119, 0.055455, 1.000000, 0.985275
130, 0.000091, 0.054243, 1.000000, 0.984833
131, 0.000089, 0.053824, 1.000000, 0.985569
132, 0.000153, 0.054442, 1.000000, 0.984833
133, 0.000121, 0.057076, 1.000000, 0.983949
134, 0.000101, 0.056563, 1.000000, 0.983802
135, 0.000083, 0.053026, 1.000000, 0.985275
136, 0.000058, 0.052239, 1.000000, 0.985864
137, 0.000094, 0.056701, 1.000000, 0.983802
138, 0.000143, 0.055628, 1.000000, 0.984244
139, 0.001127, 0.056555, 0.999669, 0.984244
140, 0.000562, 0.054801, 0.999890, 0.983949
141, 0.000138, 0.056090, 1.000000, 0.984244
142, 0.000104, 0.052258, 1.000000, 0.985127
143, 0.000096, 0.051791, 1.000000, 0.984538
144, 0.000994, 0.062372, 0.999705, 0.983508
145, 0.001876, 0.056922, 0.999448, 0.984686
146, 0.000372, 0.053278, 0.999890, 0.984980
147, 0.001267, 0.051673, 0.999595, 0.984833
148, 0.000405, 0.049848, 0.999853, 0.986305
149, 0.000312, 0.051236, 0.999926, 0.985864
150, 0.000120, 0.051183, 1.000000, 0.985569
151, 0.000143, 0.050382, 1.000000, 0.986453
152, 0.000439, 0.056049, 0.999890, 0.983655
153, 0.000187, 0.053088, 1.000000, 0.985275
154, 0.000175, 0.053220, 0.999963, 0.985716
155, 0.000150, 0.052447, 1.000000, 0.985864
156, 0.000243, 0.051657, 0.999963, 0.986747
157, 0.000106, 0.050417, 1.000000, 0.986747
158, 0.000104, 0.052332, 1.000000, 0.986011
159, 0.000063, 0.051583, 1.000000, 0.986600
160, 0.000070, 0.052275, 1.000000, 0.985864
161, 0.000076, 0.050622, 1.000000, 0.986600
162, 0.000073, 0.049616, 1.000000, 0.987189
163, 0.000066, 0.049666, 1.000000, 0.986600
164, 0.000054, 0.049553, 1.000000, 0.986600
165, 0.000778, 0.055570, 0.999779, 0.984538
166, 0.000592, 0.052278, 0.999816, 0.986600
167, 0.000618, 0.053272, 0.999890, 0.986011
168, 0.000088, 0.051075, 1.000000, 0.986158
169, 0.000112, 0.049939, 1.000000, 0.985864
170, 0.000134, 0.049803, 1.000000, 0.986305
171, 0.000126, 0.050515, 0.999963, 0.985275
172, 0.000177, 0.047684, 1.000000, 0.987483
173, 0.000388, 0.051935, 0.999926, 0.984980
174, 0.001548, 0.052584, 0.999521, 0.983655
175, 0.000201, 0.049892, 1.000000, 0.985864
176, 0.000145, 0.050268, 1.000000, 0.985275
177, 0.000088, 0.048423, 1.000000, 0.985422
178, 0.000192, 0.049649, 0.999963, 0.985275
179, 0.000094, 0.048113, 1.000000, 0.986011
180, 0.000090, 0.049854, 1.000000, 0.986305
181, 0.000076, 0.048445, 1.000000, 0.985864
182, 0.000063, 0.046893, 1.000000, 0.986305
183, 0.000064, 0.047813, 1.000000, 0.986011
184, 0.000111, 0.046890, 1.000000, 0.986747
185, 0.000094, 0.049011, 1.000000, 0.986894
186, 0.001330, 0.050190, 0.999669, 0.986011
187, 0.000389, 0.058970, 0.999926, 0.984833
188, 0.000456, 0.054204, 0.999926, 0.985569
189, 0.000100, 0.050435, 1.000000, 0.986305
190, 0.000117, 0.050635, 1.000000, 0.986600
191, 0.000533, 0.056995, 0.999853, 0.986305
192, 0.000220, 0.053217, 0.999963, 0.985127
193, 0.000310, 0.057203, 0.999890, 0.985127
194, 0.000561, 0.055827, 0.999816, 0.986158
195, 0.000219, 0.051310, 0.999926, 0.987336
196, 0.000217, 0.052777, 0.999926, 0.986600
197, 0.000156, 0.051313, 0.999963, 0.987483
198, 0.000544, 0.053329, 0.999890, 0.986747
199, 0.000127, 0.049721, 1.000000, 0.986600
200, 0.001262, 0.046701, 0.999742, 0.987631
201, 0.000262, 0.046242, 0.999926, 0.987336
202, 0.000122, 0.046540, 1.000000, 0.988514
203, 0.000387, 0.047861, 0.999890, 0.987778
204, 0.000117, 0.046786, 1.000000, 0.987336
205, 0.000082, 0.045543, 1.000000, 0.987336
206, 0.000068, 0.043591, 1.000000, 0.988367
207, 0.000057, 0.044111, 1.000000, 0.987483
208, 0.000078, 0.044240, 1.000000, 0.988072
209, 0.000374, 0.048087, 0.999890, 0.986600
210, 0.000110, 0.047700, 1.000000, 0.986894
211, 0.000095, 0.044264, 1.000000, 0.987189
212, 0.000089, 0.044313, 1.000000, 0.987189
213, 0.000204, 0.053213, 0.999926, 0.986747
214, 0.000130, 0.051415, 1.000000, 0.986011
215, 0.000514, 0.051452, 0.999890, 0.987631
216, 0.000105, 0.048121, 1.000000, 0.987631
217, 0.000089, 0.048837, 1.000000, 0.986894
218, 0.001059, 0.052373, 0.999779, 0.985275
219, 0.000481, 0.049915, 0.999890, 0.986747
220, 0.000133, 0.049331, 0.999963, 0.986011
